00000001    0    0    
00000100    0    0    
00000110    0    0    
00001101    0    0    
00011100    0    0    
10010100    0    1    
00010100    1    1    
00010010    0    0    
00001111    0    0    
00001011    0    0    
00000110    0    0    
00001010    0    0    
00000111    0    0    
00001110    0    0    
00001010    0    0    
00001001    0    0    
00000111    0    0    
00000000    0    0    
11111101    1    1    
11101110    1    0    
01110110    1    0    
11110110    0    0    
11111000    1    0    
11111011    1    0    
11111111    1    0    
00000100    0    1    
00000000    0    0    
00000011    0    0    
11111100    1    1    
00000000    0    1    
